OLD CENTROIDS ARE...: 
-50 0
0 0
0 30
50 0
NEW CENTROIDS ARE...: 
[[-46.0524,1.28954,3.2833,37.2139,],[-0.232918,-8.66345,25.8462,-2.97134,]]
Inside cropped voronoi..
Segments are..: 
[[17.1044,57.6351],[7.73529,67.8612]]
[[-19.8318,17.1044],[9.86924,7.73529]]
[[-19.8318,-52.1583],[9.86924,98.6714]]
[[-19.8318,-16.8611],[9.86924,-94.6839]]
[[17.1044,11.3842],[7.73529,-71.8488]]
OLD CENTROIDS ARE...: 
-46.0524 -0.232918
1.28954 -8.66345
3.2833 25.8462
37.2139 -2.97134
NEW CENTROIDS ARE...: 
[[-44.0056,-0.56689,4.6172,34.6012,],[0.92642,-13.3369,22.6167,-2.97872,]]
Inside cropped voronoi..
Segments are..: 
[[13.7456,51.1909],[2.94996,59.9681]]
[[-17.7872,13.7456],[7.49662,2.94996]]
[[-17.7872,-43.3806],[7.49662,97.2457]]
[[-17.7872,-28.5266],[7.49662,-86.8775]]
[[13.7456,20.7163],[2.94996,-70.3363]]
OLD CENTROIDS ARE...: 
-44.0056 0.92642
-0.56689 -13.3369
4.6172 22.6167
34.6012 -2.97872
NEW CENTROIDS ARE...: 
[[-43.2847,-1.972,5.12843,33.65,],[2.49855,-16.0648,20.9301,-3.17869,]]
Inside cropped voronoi..
Segments are..: 
[[12.217,48.2176],[0.390722,57.0431]]
[[-16.8943,12.217],[5.97804,0.390722]]
[[-16.8943,-36.8631],[5.97804,96.8263]]
[[-16.8943,-37.1268],[5.97804,-82.6254]]
[[12.217,25.7723],[0.390722,-71.244]]
OLD CENTROIDS ARE...: 
-43.2847 2.49855
-1.972 -16.0648
5.12843 20.9301
33.65 -3.17869
NEW CENTROIDS ARE...: 
[[-43.0713,-3.03507,5.44464,32.9287,],[2.93979,-17.0437,20.2937,-3.40524,]]
Inside cropped voronoi..
Segments are..: 
[[11.3248,47.3979],[-0.673344,54.9681]]
[[-16.6933,11.3248],[5.68986,-0.673344]]
[[-16.6933,-34.7078],[5.68986,97.0319]]
[[-16.6933,-39.9669],[5.68986,-80.0725]]
[[11.3248,27.2769],[-0.673344,-71.9275]]
OLD CENTROIDS ARE...: 
-43.0713 2.93979
-3.03507 -17.0437
5.44464 20.2937
32.9287 -3.40524
NEW CENTROIDS ARE...: 
[[-43.4021,-3.85922,5.08219,32.5327,],[3.64888,-18.0417,19.7999,-3.42727,]]
Inside cropped voronoi..
Segments are..: 
[[10.6228,46.4544],[-1.48643,54.9009]]
[[-16.9277,10.6228],[5.02333,-1.48643]]
[[-16.9277,-32.3021],[5.02333,96.9685]]
[[-16.9277,-43.3812],[5.02333,-79.0857]]
[[10.6228,29.2289],[-1.48643,-72.7838]]
OLD CENTROIDS ARE...: 
-43.4021 3.64888
-3.85922 -18.0417
5.08219 19.7999
32.5327 -3.42727
NEW CENTROIDS ARE...: 
[[-43.9479,-4.40726,5.03388,32.4086,],[3.93669,-18.0121,19.6667,-3.46481,]]
Inside cropped voronoi..
Segments are..: 
[[10.4325,46.2631],[-1.70822,54.7495]]
[[-17.3544,10.4325],[5.2543,-1.70822]]
[[-17.3544,-31.4601],[5.2543,97.9636]]
[[-17.3544,-43.8975],[5.2543,-79.0813]]
[[10.4325,29.0945],[-1.70822,-73.6317]]
OLD CENTROIDS ARE...: 
-43.9479 3.93669
-4.40726 -18.0121
5.03388 19.6667
32.4086 -3.46481
NEW CENTROIDS ARE...: 
[[-44.3164,-5.36889,5.06981,31.978,],[4.13347,-18.0531,19.5112,-3.76881,]]
Inside cropped voronoi..
Segments are..: 
[[9.92314,46.5599],[-2.07007,53.8164]]
[[-17.6865,9.92314],[5.60236,-2.07007]]
[[-17.6865,-30.7554],[5.60236,98.7724]]
[[-17.6865,-44.3732],[5.60236,-77.895]]
[[9.92314,28.5686],[-2.07007,-74.6938]]
OLD CENTROIDS ARE...: 
-44.3164 4.13347
-5.36889 -18.0531
5.06981 19.5112
31.978 -3.76881
NEW CENTROIDS ARE...: 
[[-44.3164,-5.99286,5.09878,31.7114,],[4.13347,-18.0881,19.3562,-4.11771,]]
Inside cropped voronoi..
Segments are..: 
[[9.61479,46.9478],[-2.34645,53.2253]]
[[-17.7665,9.61479],[5.76435,-2.34645]]
[[-17.7665,-30.4455],[5.76435,98.8303]]
[[-17.7665,-44.4432],[5.76435,-76.6471]]
[[9.61479,27.9408],[-2.34645,-75.4086]]
OLD CENTROIDS ARE...: 
-44.3164 4.13347
-5.99286 -18.0881
5.09878 19.3562
31.7114 -4.11771
NEW CENTROIDS ARE...: 
[[-44.5354,-6.61913,5.24354,31.4758,],[4.16463,-17.8777,19.3265,-4.56468,]]
Inside cropped voronoi..
Segments are..: 
[[9.37502,47.7823],[-2.48418,52.4645]]
[[-17.9672,9.37502],[6.23397,-2.48418]]
[[-17.9672,-30.3237],[6.23397,99.5579]]
[[-17.9672,-44.0847],[6.23397,-75.8326]]
[[9.37502,26.6261],[-2.48418,-76.1899]]
OLD CENTROIDS ARE...: 
-44.5354 4.16463
-6.61913 -17.8777
5.24354 19.3265
31.4758 -4.56468
NEW CENTROIDS ARE...: 
[[-44.5354,-7.04336,5.40735,31.3706,],[4.16463,-17.6085,19.3191,-5.09941,]]
Inside cropped voronoi..
Segments are..: 
[[9.29855,48.837],[-2.55568,51.9265]]
[[-18.0206,9.29855],[6.65539,-2.55568]]
[[-18.0206,-30.3089],[6.65539,99.8855]]
[[-18.0206,-43.5463],[6.65539,-74.9841]]
[[9.29855,25.0183],[-2.55568,-76.8279]]
OLD CENTROIDS ARE...: 
-44.5354 4.16463
-7.04336 -17.6085
5.40735 19.3191
31.3706 -5.09941
NEW CENTROIDS ARE...: 
[[-44.5354,-7.38338,5.66049,31.2675,],[4.16463,-17.5792,19.2252,-5.50462,]]
Inside cropped voronoi..
Segments are..: 
[[9.1924,49.4596],[-2.7402,51.214]]
[[-17.9977,9.1924],[6.89626,-2.7402]]
[[-17.9977,-30.1211],[6.89626,100.392]]
[[-17.9977,-43.4877],[6.89626,-74.3041]]
[[9.1924,24.1492],[-2.7402,-77.3018]]
OLD CENTROIDS ARE...: 
-44.5354 4.16463
-7.38338 -17.5792
5.66049 19.2252
31.2675 -5.50462
NEW CENTROIDS ARE...: 
[[-44.5354,-7.95512,5.66049,31,],[4.16463,-17.3647,19.2252,-5.89638,]]
Inside cropped voronoi..
Segments are..: 
[[8.92833,50.2432],[-2.81905,50.679]]
[[-18.1004,8.92833],[7.23874,-2.81905]]
[[-18.1004,-30.1211],[7.23874,100.392]]
[[-18.1004,-43.0587],[7.23874,-73.1606]]
[[8.92833,22.9367],[-2.81905,-77.9102]]
OLD CENTROIDS ARE...: 
-44.5354 4.16463
-7.95512 -17.3647
5.66049 19.2252
31 -5.89638
NEW CENTROIDS ARE...: 
[[-44.5354,-8.35702,5.78847,30.8075,],[4.16463,-17.0895,19.3278,-6.11215,]]
Inside cropped voronoi..
Segments are..: 
[[8.75271,50.8798],[-2.77951,50.038]]
[[-18.1447,8.75271],[7.66821,-2.77951]]
[[-18.1447,-30.3263],[7.66821,100.648]]
[[-18.1447,-42.5083],[7.66821,-72.3568]]
[[8.75271,21.9547],[-2.77951,-78.329]]
OLD CENTROIDS ARE...: 
-44.5354 4.16463
-8.35702 -17.0895
5.78847 19.3278
30.8075 -6.11215
NEW CENTROIDS ARE...: 
[[-44.5354,-8.50724,6.09633,30.6601,],[4.16463,-17.0082,19.4583,-6.28604,]]
Inside cropped voronoi..
Segments are..: 
[[8.63096,51.4887],[-2.71409,49.1275]]
[[-18.0607,8.63096],[7.97499,-2.71409]]
[[-18.0607,-30.5874],[7.97499,101.263]]
[[-18.0607,-42.3457],[7.97499,-72.0563]]
[[8.63096,21.4444],[-2.71409,-78.3346]]
OLD CENTROIDS ARE...: 
-44.5354 4.16463
-8.50724 -17.0082
6.09633 19.4583
30.6601 -6.28604
NEW CENTROIDS ARE...: 
[[-44.3361,-8.67105,6.50125,30.5265,],[4.33902,-17.0283,19.4483,-6.5072,]]
Inside cropped voronoi..
Segments are..: 
[[8.51624,51.911],[-2.78355,48.0504]]
[[-17.8097,8.51624],[8.16664,-2.78355]]
[[-17.8097,-30.2186],[8.16664,101.675]]
[[-17.8097,-42.7346],[8.16664,-71.3301]]
[[8.51624,21.0422],[-2.78355,-78.395]]
OLD CENTROIDS ARE...: 
-44.3361 4.33902
-8.67105 -17.0283
6.50125 19.4483
30.5265 -6.5072
NEW CENTROIDS ARE...: 
[[-44.1304,-8.95968,7.23934,30.6494,],[4.90058,-17.19,19.2424,-6.99929,]]
Inside cropped voronoi..
Segments are..: 
[[8.54503,52.4834],[-3.15565,46.8202]]
[[-17.4171,8.54503],[8.38796,-3.15565]]
[[-17.4171,-28.6837],[8.38796,102.739]]
[[-17.4171,-44.1811],[8.38796,-70.3414]]
[[8.54503,20.3814],[-3.15565,-79.2182]]
OLD CENTROIDS ARE...: 
-44.1304 4.90058
-8.95968 -17.19
7.23934 19.2424
30.6494 -6.99929
NEW CENTROIDS ARE...: 
[[-43.9311,-9.17235,7.93246,30.8519,],[5.07285,-17.0235,18.8639,-7.71199,]]
Inside cropped voronoi..
Segments are..: 
[[8.79204,53.1518],[-3.56578,45.8389]]
[[-17.1575,8.79204],[8.8024,-3.56578]]
[[-17.1575,-27.5821],[8.8024,103.727]]
[[-17.1575,-44.1927],[8.8024,-69.5176]]
[[8.79204,18.623],[-3.56578,-80.0485]]
OLD CENTROIDS ARE...: 
-43.9311 5.07285
-9.17235 -17.0235
7.93246 18.8639
30.8519 -7.71199
NEW CENTROIDS ARE...: 
[[-43.6383,-9.33716,8.80235,30.9524,],[5.3013,-16.7317,18.8728,-8.09031,]]
Inside cropped voronoi..
Segments are..: 
[[8.92003,53.9262],[-3.61021,44.3002]]
[[-16.7387,8.92003],[9.46221,-3.61021]]
[[-16.7387,-27.1429],[9.46221,104.881]]
[[-16.7387,-44.066],[9.46221,-68.6022]]
[[8.92003,17.2828],[-3.61021,-80.5792]]
OLD CENTROIDS ARE...: 
-43.6383 5.3013
-9.33716 -16.7317
8.80235 18.8728
30.9524 -8.09031
NEW CENTROIDS ARE...: 
[[-43.4205,-9.30677,9.09409,30.9524,],[5.40852,-16.5731,18.9891,-8.09031,]]
Inside cropped voronoi..
Segments are..: 
[[8.95821,54.1588],[-3.48225,43.7167]]
[[-16.5168,8.95821],[9.69923,-3.48225]]
[[-16.5168,-27.1611],[9.69923,105.029]]
[[-16.5168,-43.9632],[9.69923,-68.2275]]
[[8.95821,16.9656],[-3.48225,-80.5184]]
OLD CENTROIDS ARE...: 
-43.4205 5.40852
-9.30677 -16.5731
9.09409 18.9891
30.9524 -8.09031
NEW CENTROIDS ARE...: 
[[-43.4205,-9.24578,9.16724,30.9524,],[5.40852,-16.4305,19.1083,-8.09031,]]
Inside cropped voronoi..
Segments are..: 
[[9.00388,54.3973],[-3.34644,43.5704]]
[[-16.5043,9.00388],[9.86961,-3.34644]]
[[-16.5043,-27.3996],[9.86961,105.176]]
[[-16.5043,-43.6781],[9.86961,-68.3495]]
[[9.00388,16.6804],[-3.34644,-80.3964]]
OLD CENTROIDS ARE...: 
-43.4205 5.40852
-9.24578 -16.4305
9.16724 19.1083
30.9524 -8.09031
NEW CENTROIDS ARE...: 
[[-43.4205,-9.24578,9.16724,30.9524,],[5.40852,-16.4305,19.1083,-8.09031,]]
Inside cropped voronoi..
Segments are..: 
[[9.00388,54.3973],[-3.34644,43.5704]]
[[-16.5043,9.00388],[9.86961,-3.34644]]
[[-16.5043,-27.3996],[9.86961,105.176]]
[[-16.5043,-43.6781],[9.86961,-68.3495]]
[[9.00388,16.6804],[-3.34644,-80.3964]]
Reached Convergence..
OLD CENTROIDS ARE: 
-43.4205 5.40852
-9.24578 -16.4305
9.16724 19.1083
30.9524 -8.09031
NEW CENTROIDS ARE: 
-43.4205 5.40852
-9.24578 -16.4305
9.16724 19.1083
30.9524 -8.09031
CLUSTER 0 POINTS:
-30.1639 -6.11856
-35.4142 8.21981
-38.2841 5.40031
-19.2493 17.3107
-32.572 25.6294
-53.2547 -0.531739
-42.0113 -1.78236
-37.7728 3.41247
-30.2186 2.27698
-27.5622 30.0956
-71.5509 5.03568
-34.7557 36.3513
-38.133 23.8066
-45.5806 18.1377
-33.9284 17.5414
-43.5546 -3.95315
-70.8071 -5.55851
-31.713 35.0802
-61.7884 13.3869
-63.5833 -0.789453
-37.9211 31.6183
-18.6731 7.98509
-63.8163 18.1462
-46.1268 -14.8194
-42.6489 -22.514
-38.1669 1.82853
-64.5797 10.1534
-26.3403 17.1007
-87.0897 -5.99037
-45.9592 -6.41263
-44.3305 10.7402
-77.6872 -8.63915
-22.8087 23.1732
-75.2443 -8.94851
-42.3184 -4.25607
-51.9909 2.41641
-41.6512 3.82549
-38.2597 -9.2418
-45.4943 7.25081
-52.5582 9.33464
-84.9224 -7.36562
-42.1307 -16.726
-61.3273 4.59859
-36.1464 -20.4459
-21.3142 5.60427
-21.6865 8.64241
-68.1309 21.1299
-50.169 -26.7577
-23.8968 1.99406
-31.0961 0.825741
-20.3135 4.84898
-32.6059 27.2606
-43.9981 -21.5213
-56.25 -9.04532
-33.0965 -7.38389
-80.8288 -8.6413
-23.4214 7.8672
-63.2133 17.2221
-70.1414 5.20522
-34.0186 7.28351
-48.496 9.45258
-32.7918 0.651008
-26.6079 4.11551
-23.4939 8.50627
-29.7855 19.2873
-70.2893 -13.0911
-73.5178 -16.4227
-32.1257 12.113
-17.5731 10.2703
-60.3081 14.1994
-22.2138 23.8507
-72.6368 6.05725
-65.0425 -10.2625
-57.6264 -14.1779
-34.3385 6.14318
-69.2955 5.21435
-18.6872 8.25964
-49.689 -3.91107
-29.5956 15.6779
-29.2395 5.07625
-56.7551 4.54965
-57.7284 -7.82929
-56.8899 0.84624
-27.9481 26.423
-51.208 15.44
-41.6876 -5.20045
-63.6428 -32.7245
-36 24.6499
-44.0822 -2.20148
-22.6171 23.8058
-34.0155 -8.8855
-34.3557 26.6142
-22.542 0.926841
-29.0315 -4.47966
-74.9928 9.35196
-64.5017 -8.26165
-71.8485 2.56741
-19.1367 16.0656
-23.8451 0.537733
-51.8307 13.1673
-28.4029 21.9774
-39.5756 8.69349
-32.2505 25.7501
-43.1037 2.36976
-39.8522 5.64548
-34.882 10.4569
-37.0646 25.8188
-27.6922 7.12553
-24.9228 -3.19359
-28.3493 24.3856
-30.734 5.84761
-43.9835 4.20732
CLUSTER 1 POINTS:
2.82242 -4.96755
-9.83941 -26.9316
-14.6545 -9.36536
-25.0887 -22.9613
1.34355 -6.71922
2.11105 -18.8507
-5.20184 -8.84134
-3.82379 -0.570464
0.53824 -38.2919
-21.5324 -7.4434
-23.7468 -8.11761
-9.03207 4.12628
10.5433 -27.3307
-29.6143 -31.5717
-13.9878 7.10626
-7.52625 -31.4351
-2.81546 -9.70773
-9.53046 -14.737
-7.22921 -7.90261
-16.0298 -12.2568
9.02407 -33.3587
-16.4428 -25.2938
1.44905 -0.785451
-12.5471 -17.761
9.49297 -30.2981
-15.0462 -19.6237
-19.5828 -8.83499
-27.1339 -25.208
-1.40721 -17.899
3.69927 -1.51902
-12.4376 -6.72262
-25.2878 -4.09441
-17.5246 -38.6315
-20.6626 0.767492
3.334 -14.5189
-6.01028 -11.6034
-3.02711 -1.74696
9.79264 -27.2433
-0.57232 -7.31569
-9.89601 -32.2142
-17.868 -12.9644
-23.6854 -37.66
-12.9843 -4.9498
-5.84055 -9.2717
-15.6932 -0.708852
-25.7391 -11.7945
2.17715 -12.9317
-6.86005 -12.3921
-31.7399 -26.8086
-16.9915 -11.268
-19.7212 -23.1412
-11.8936 -12.3567
-18.375 -32.7593
-12.2563 4.86415
-2.99723 -20.4147
-20.9074 -32.1413
4.79511 -5.75475
2.10966 -27.5484
-17.7421 -35.3751
0.630249 -33.8574
-3.37369 -2.5589
-26.593 -11.9841
-16.156 -15.071
-21.3502 -13.7339
10.8284 -32.4805
9.50878 -23.7711
6.52896 -11.5347
-5.51258 -34.6976
-12.6955 1.308
-28.1061 -18.4301
8.94728 -19.3467
-16.3211 -11.2239
8.10673 -23.0401
-11.6281 3.0649
-5.44713 3.56846
-27.5869 -26.4053
0.714914 -19.491
-4.44355 -0.635179
3.30491 -14.5106
11.6016 -30.276
-13.5312 -5.2122
5.17692 -3.98833
2.47596 -4.90265
-31.6627 -26.778
10.3412 -11.6338
11.0514 -35.1767
7.13315 -5.89998
-6.56775 -41.3308
-18.4168 -3.90095
-21.3513 -16.9739
-24.1555 -21.0196
-18.8041 -39.8732
-10.8855 1.14806
-20.7068 -30.8018
9.19533 -30.2379
-2.29945 -6.35284
7.05084 -19.1468
-11.3476 -0.836728
-9.65648 -34.9962
3.73402 -30.7455
-14.0549 -5.78287
3.86142 -27.1102
-16.4625 -18.1306
2.69215 -38.0801
-45.0374 -37.4037
-8.5244 -18.9762
-23.958 -27.307
-22.9885 -21.5227
-26.4108 -20.1878
2.27561 -22.6995
-9.94093 -3.58302
-10.9579 -3.8049
-12.1425 0.917113
-11.1924 -6.96707
-1.43959 1.82019
-5.73528 -16.566
-21.439 -11.1195
3.82201 -4.25806
-11.8889 -18.9504
-21.1374 -1.59047
-29.3755 -25.1166
-13.997 -52.0175
9.43922 -24.0811
-20.1328 -1.08901
-22.1015 -25.3058
-1.51642 -15.1685
2.15836 -14.6601
-17.6631 -30.2953
-11.296 -0.680593
CLUSTER 2 POINTS:
25.548 26.5174
4.22995 31.6113
17.9946 22.9154
12.6001 10.6946
0.915393 29.5048
12.9218 5.13591
-0.160341 17.0064
6.88547 9.76803
6.29212 8.86597
-7.33184 7.05523
-17.4158 25.9352
-18.6943 25.0348
19.0337 21.7484
4.00492 13.3146
-7.59609 11.5649
12.0961 9.79027
-9.26047 10.147
12.5746 31.9062
17.2871 10.6693
25.3994 15.0825
-5.83716 19.4066
22.2016 17.7308
10.3184 11.3977
-4.73924 9.28042
-12.7678 29.4115
12.2437 2.21962
5.31271 4.24415
25.0761 15.2556
12.116 8.14403
-9.71392 11.1258
2.86032 26.9364
9.95333 2.69355
-12.2175 32.8565
7.6237 37.7531
31.8159 29.8279
-5.97697 23.4531
11.2514 21.3077
-9.95655 30.262
12.0392 5.685
1.19331 20.0429
6.9089 33.9681
12.9892 3.92414
-15.6931 33.5625
-17.1501 19.0238
2.71236 22.8421
13.4623 23.5285
-1.18846 29.9499
8.57768 28.6939
8.18016 4.36235
-1.25356 13.8596
28.8044 16.2683
3.56754 12.1841
-1.90449 23.4091
12.2069 22.5901
17.398 31.8675
1.74167 27.6996
10.9407 13.9835
12.3973 24.3232
-9.42466 12.205
20.5303 8.78724
10.0239 10.2173
7.1163 20.0281
-0.36612 14.9544
9.92035 -1.49378
2.07085 13.2439
-6.12344 21.8695
-13.7963 19.6098
14.4114 36.3788
24.5328 17.6513
-0.0550001 2.45124
17.5396 14.9198
34.9525 20.6111
-6.26332 22.7701
6.0101 33.1793
1.69258 15.0712
19.4855 16.4919
-2.58016 23.2863
17.0099 4.80256
22.9048 8.97481
8.15682 8.02567
16.5523 4.10678
18.5303 41.8024
28.0124 18.2978
18.9363 25.6995
18.9362 38.0347
7.48043 25.2496
34.0684 22.4027
-1.56846 7.78341
22.223 8.2977
13.8145 21.5421
24.556 12.1441
15.3396 6.33296
-8.65224 27.4932
24.8431 17.1271
29.2452 25.541
13.7112 11.1773
1.9905 39.4557
-6.32671 34.1383
9.00549 20.9733
36.3025 34.6026
21.5444 9.42817
20.6594 37.2835
10.1568 22.1395
5.25665 6.48878
19.927 14.9775
21.1089 10.3184
14.7598 16.0293
22.1342 19.7983
31.7953 38.5029
-3.85994 28.2786
1.26049 16.9402
0.459755 29.242
-13.8355 10.6127
-3.06391 22.9853
27.5277 14.8657
2.70052 36.9224
9.03909 -1.7188
3.73875 16.4903
-13.8074 18.7162
12.1501 28.9371
-3.86938 17.3821
19.6207 13.0226
-10.7465 10.8501
37.3411 32.0184
23.2705 11.4907
21.9536 36.2061
30.6862 24.0794
32.0493 17.4739
-5.87062 7.32603
8.44163 15.8454
11.2492 1.05161
15.7203 18.9004
28.7587 25.1993
30.1975 17.1539
-9.59109 17.698
7.07524 28.7562
9.19693 8.93473
-4.51562 4.18983
24.5384 23.4749
-1.74057 21.25
9.86756 43.6089
-3.42066 32.0248
31.8735 26.8775
10.7769 23.965
CLUSTER 3 POINTS:
31.0429 -10.6903
14.4826 -5.52604
20.2951 -26.182
41.8188 -16.2883
41.2448 -0.667914
32.8288 -12.8499
23.4385 -6.77284
23.5618 -20.7413
41.66 -8.83892
31.4401 -25.2162
9.89478 -6.11493
35.6221 -19.7824
35.7304 -8.31083
18.9003 -14.6705
17.036 -22.6258
39.9805 17.1151
28.7705 6.45316
12.6316 -3.57766
24.8786 -14.3657
46.1995 3.27185
37.0901 14.9655
37.0853 -5.34722
19.1719 3.97108
26.2633 -20.0605
31.9135 -28.3335
34.6847 -10.316
43.307 -10.2978
27.9101 -1.75168
11.6433 -5.29008
53.4348 4.39715
32.079 -0.200629
46.6911 19.0919
18.252 -24.6479
47.3993 0.205126
45.3096 -1.51489
37.1525 11.773
9.48745 -3.93765
34.4101 -23.7493
22.1173 -11.3531
59.2857 8.40821
41.0113 -2.56667
40.2986 10.7816
17.9241 -19.851
36.7897 1.59659
43.2876 9.23912
31.5691 -4.01585
38.2166 -1.80262
37.1458 -2.68816
25.3529 -20.4993
26.9732 8.73247
28.607 -29.7172
16.223 -9.8598
22.6024 -44.9063
14.7249 -7.12327
38.8504 4.91213
26.0407 -27.1176
17.6245 -38.0032
42.5612 17.0285
24.9663 -15.3355
29.6098 -15.6634
44.4267 5.01569
24.1681 -29.2031
26.7435 -3.41059
12.8151 -2.77474
28.2901 10.9093
16.6397 -19.9211
56.1878 -2.48817
33.3655 3.43452
14.9429 -18.5725
13.8603 -17.6788
29.9624 -36.4785
19.7612 -2.45181
49.402 -32.3949
40.1784 -4.80462
25.2428 -4.27943
18.4365 -4.01629
27.5857 -16.2856
21.3389 -30.5184
52.3151 -3.46576
33.4927 -16.5574
50.8799 21.547
30.7288 14.0158
20.8347 0.103887
37.1399 16.7584
17.9157 -13.0248
19.2214 -5.36152
24.5703 -20.8196
19.156 -4.28796
43.4788 -3.03524
44.8784 -2.0535
14.8229 -11.9985
45.9136 -20.357
30.6536 11.9888
23.5011 -10.6307
16.3797 -19.0327
35.1056 -10.289
21.363 -29.9257
39.1045 -18.6404
20.2162 -18.6399
40.309 7.97457
43.6419 24.1457
11.9698 -14.4993
43.6898 -3.03354
18.971 0.651854
14.0494 -9.02114
35.5956 -14.0188
31.9729 -49.2998
54.5173 -8.19875
28.5412 -13.8257
32.8106 -5.26317
37.6312 -0.190291
18.2514 -11.895
50.9757 15.3535
35.1341 -30.8407
46.3135 8.62469
25.7242 -48.6618
16.5478 -1.68172
40.8759 7.91993
21.8783 -8.83951
29.2966 -28.9984
18.3327 -10.5876
33.4285 7.98658
28.2912 -26.2915
31.6665 13.9822
49.1544 -2.6049
44.0292 12.3414
15.1624 -5.88609
19.2366 -13.7138
42.2789 5.55269
63.9551 -5.46907
38.0039 -12.0146
15.1736 -20.456
41.5154 13.6763
33.3904 3.71004
48.2793 -16.7414
42.7281 -19.3956
39.7896 -18.2011
13.998 -17.3942
42.9165 -6.35327
46.0247 0.466839
10.7137 -2.34066
32.5211 -22.7088
28.8632 -24.351
30.2243 2.82524
25.4023 -10.2253
21.5737 4.80994
14.6302 -2.95482
20.9406 -43.2403
26.4078 -7.6308
25.642 -10.1024
45.89 -8.7874
42.9931 -10.0779
32.3228 14.8117
CLUSTER 0 HAS 112 POINTS
CLUSTER 1 HAS 129 POINTS
CLUSTER 2 HAS 144 POINTS
CLUSTER 3 HAS 153 POINTS
Exiting...
